%YAML:1.0
image_width: 1280
image_height: 1024
camera_matrix: !!opencv-matrix
   rows: 3
   cols: 3
   dt: d
   data: [ 1.4213023034063081e+03, 0., 6.2786266598262569e+02, 0.,
       1.4230990945028157e+03, 4.7663458616066197e+02, 0., 0., 1. ]
distortion_coefficients: !!opencv-matrix
   rows: 1
   cols: 5
   dt: d
   data: [ 1.0915207579602103e-01, -4.5709321099982170e-01,
       -3.6816076652932219e-03, -7.6993728535910072e-03,
       8.9225770203671706e-01 ]
