%YAML:1.0
image_width: 1280
image_height: 1024
camera_matrix: !!opencv-matrix
   rows: 3
   cols: 3
   dt: d
   data: [ 1.4209279558243848e+03, 0., 6.5799248781169604e+02, 0.,
       1.4250850917959058e+03, 5.1506536303053667e+02, 0., 0., 1. ]
distortion_coefficients: !!opencv-matrix
   rows: 1
   cols: 5
   dt: d
   data: [ 1.0359509440714902e-01, -3.5920204701221115e-01,
       4.3780884865895217e-03, -3.5270216677448543e-04,
       5.9285853144963652e-01 ]
