%YAML:1.0
image_width: 1280
image_height: 720
camera_matrix: !!opencv-matrix
   rows: 3
   cols: 3
   dt: d
   data: [ 1.4068720317474131e+03, 0., 6.5282600290896676e+02, 0.,
       1.4147072870850477e+03, 4.0201374531863848e+02, 0., 0., 1. ]
distortion_coefficients: !!opencv-matrix
   rows: 1
   cols: 5
   dt: d
   data: [ 8.3916786041518893e-02, -1.9630741565583840e-01,
       4.8779112478964547e-04, 1.9245069475539969e-03,
       2.2992897399882645e-01 ]
