%YAML:1.0
image_width: 1280
image_height: 720
camera_matrix: !!opencv-matrix
   rows: 3
   cols: 3
   dt: d
   data: [ 1.3872613850214850e+03, 0., 6.3248919286563330e+02, 0.,
       1.3972349270128936e+03, 4.0328779055964378e+02, 0., 0., 1. ]
distortion_coefficients: !!opencv-matrix
   rows: 1
   cols: 5
   dt: d
   data: [ 9.6784005863852399e-02, -3.4328092890613637e-01,
       1.2276781787593526e-03, -2.6627353607411980e-03,
       4.0156524800768467e-01 ]
