image_width: 1280
image_height: 720
camera_name: camera
camera_matrix: !!opencv-matrix
  rows: 3
  cols: 3
  dt: d
  data: [1487.270320731609, 0, 641.3247203603031, 0,
       1489.176079862752, 376.2672981117576, 0, 0, 1 ]
distortion_model: plumb_bob
distortion_coefficients:
  rows: 1
  cols: 5
  data: [0.1790902196057274, -0.5226724329056093, 0.002747464330545985, 0.00645332912532827, 0]
rectification_matrix:
  rows: 3
  cols: 3
  data: [1, 0, 0, 0, 1, 0, 0, 0, 1]
projection_matrix:
  rows: 3
  cols: 4
  data: [1509.333374023438, 0, 646.2008845969794, 0, 0, 1516.119262695312, 376.9653644230202, 0, 0, 0, 1, 0]
