%YAML:1.0
image_width: 1280
image_height: 720
camera_matrix: !!opencv-matrix
   rows: 3
   cols: 3
   dt: d
   data: [ 1.3950055393599571e+03, 0., 6.1425451059061515e+02, 0.,
       1.4011113678690124e+03, 3.4675384524794669e+02, 0., 0., 1. ]
distortion_coefficients: !!opencv-matrix
   rows: 1
   cols: 5
   dt: d
   data: [ 2.3022684849005940e-02, 1.7205749460441241e-01,
       -1.0428907761831830e-02, -7.3664398609192532e-03,
       -5.5465829532296662e-01 ]
