image_width: 1280
image_height: 720
camera_name: camera
camera_matrix:
  rows: 3
  cols: 3
  data: [1545.024819, 0.000000, 636.604940, 0.000000, 1545.816453, 429.533981, 0.000000, 0.000000, 1.000000]
distortion_model: plumb_bob
distortion_coefficients:
  rows: 1
  cols: 5
  data: [0.060819, -0.142804, 0.001489, -0.000843, 0.000000]
rectification_matrix:
  rows: 3
  cols: 3
  data: [1.000000, 0.000000, 0.000000, 0.000000, 1.000000, 0.000000, 0.000000, 0.000000, 1.000000]
projection_matrix:
  rows: 3
  cols: 4
  data: [1554.631470, 0.000000, 635.405479, 0.000000, 0.000000, 1554.061279, 429.679536, 0.000000, 0.000000, 0.000000, 1.000000, 0.000000]
